1,1,2;
2,3,4;
3,4,5;
4,6,7;
5,7,8;
6,9,10;
7,10,11;
8,12,13;
9,13,14;
10,15,16;
11,16,17;
12,13,16;
13,10,13;
14,7,10;
15,4,7;
16,4,18;
17,1,18;
18,18,28;
19,19,20;
20,20,21;
21,21,22;
22,23,24;
23,20,23;
24,23,26;
25,26,27;
26,25,27;
27,27,28;
28,27,29;
29,28,30;
30,30,31;
31,30,32;
32,32,33;
33,35,36;
34,36,37;
35,38,39;
36,40,41;
37,41,42;
38,43,44;
39,45,46;
40,46,47;
41,43,46;
42,41,43;
43,38,41;
44,36,38;
45,34,36;
46,34,48;
47,48,58;
48,57,58;
49,56,58;
50,55,56;
51,54,56;
52,53,54;
53,52,54;
54,51,52;
55,50,52;
56,49,50;
57,48,59;
58,59,60;
59,59,61;
60,61,62;
61,61,63;
62,63,64;
63,63,65;
64,65,66;
65,65,67;
66,67,68;
67,67,70;
68,69,70;
69,70,71;
70,70,72;
71,72,73;
72,72,74;
73,74,75;
74,76,77;
75,77,78;
76,77,79;
77,79,80;
78,32,34;
79,74,77