w,0,0,6.1237113402,0;
w,6.1237113402,0,6.1237113402,-11.3402061856;
w,6.1237113402,-11.3402061856,13.6082474227,-13.1546391753;
w,13.6082474227,-13.1546391753,13.6082474227,0;
w,8.1649484536,-11.793814433,8.1649484536,0;
4.3092783505,-1.1340206186,120;
w,8.1649484536,-5.4432989691,13.6082474227,-5.4432989691;
w,8.1649484536,0,13.6082474227,0;
0.6804123711,1.1340206186,-100;
w,13.6082474227,0,40.3711340206,0;
w,34.9278350515,-18.1443298969,34.9278350515,5.4432989691;
w,34.9278350515,-18.1443298969,42.412371134,-18.1443298969;
w,42.412371134,-18.1443298969,42.412371134,5.4432989691;
w,18.1443298969,0,18.824742268,5.4432989691;
2.9484536082,-1.1340206186,120;
w,18.824742268,5.4432989691,40.3711340206,5.4432989691;
7.7113402062,-1.1340206186,-120;
13.8350515464,-1.1340206186,-120;
20.6391752577,-1.1340206186,-120;
w,40.3711340206,-18.1443298969,40.3711340206,5.4432989691;
2.2680412371,-1.1340206186,-120;
5.6701030928,-1.1340206186,-120;
8.3917525773,-1.1340206186,-120;
11.793814433,-1.1340206186,-120;
14.9690721649,-1.1340206186,-120;
w,22.6804123711,0,22.6804123711,5.4432989691;
w,27.6701030928,0,27.6701030928,5.4432989691;
w,34.9278350515,-14.0618556701,40.3711340206,-14.0618556701;
w,34.9278350515,-10.8865979381,40.3711340206,-10.8865979381;
w,34.9278350515,-7.7113402062,40.3711340206,-7.7113402062;
w,34.9278350515,-4.0824742268,40.3711340206,-4.0824742268;
w,42.412371134,0,70.5360824742,0;
w,42.412371134,5.4432989691,70.5360824742,5.4432989691;
3.4020618557,-1.1340206186,-120;
9.0721649485,-1.1340206186,-120;
13.6082474227,-1.1340206186,-120;
17.4639175258,-1.1340206186,-120;
20.8659793814,-1.1340206186,-120;
26.7628865979,-1.1340206186,-120;
w,47.175257732,0,47.175257732,5.4432989691;
w,51.9381443299,0,51.9381443299,5.4432989691;
w,56.7010309278,0,56.7010309278,5.4432989691;
w,60.8969072165,0,60.8969072165,5.4432989691;
w,65.0927835052,0,65.0927835052,5.4432989691;
w,0,0,0,33.793814433;
w,6.1237113402,7.4845360825,6.1237113402,33.793814433;
8.8453608247,-1.1340206186,-120;
12.7010309278,-1.1340206186,-120;
15.8762886598,-1.1340206186,-120;
19.5051546392,-1.1340206186,-120;
23.3608247423,-1.1340206186,-120;
w,8.1649484536,7.4845360825,8.1649484536,31.9793814433;
4.7628865979,1.1340206186,-90;
7.9381443299,1.1340206186,-120;
11.3402061856,1.1340206186,-120;
15.1958762887,1.1340206186,-120;
18.824742268,1.1340206186,-120;
22,1.1340206186,-120;
w,13.6082474227,7.4845360825,13.6082474227,31.9793814433;
w,27.6701030928,7.4845360825,27.6701030928,33.793814433;
w,33.1134020619,7.4845360825,33.1134020619,33.793814433;
4.7628865979,-1.1340206186,-90;
9.0721649485,-1.1340206186,-120;
14.2886597938,-1.1340206186,-120;
23.587628866,-1.1340206186,-120;
w,34.9278350515,7.4845360825,34.9278350515,31.9793814433;
7.4845360825,1.1340206186,120;
10.8865979381,1.1340206186,120;
14.5154639175,1.1340206186,120;
18.1443298969,1.1340206186,120;
21.7731958763,1.1340206186,120;
w,40.3711340206,7.4845360825,40.3711340206,31.9793814433;
w,57.1546391753,7.4845360825,57.1546391753,33.793814433;
w,63.0515463918,7.4845360825,63.0515463918,33.793814433;
5.6701030928,-1.1340206186,-90;
9.5257731959,-1.1340206186,-120;
14.0618556701,-1.1340206186,-120;
19.0515463918,-1.1340206186,-120;
23.587628866,-1.1340206186,-120;
w,65.0927835052,7.4845360825,65.0927835052,31.9793814433;
7.4845360825,1.1340206186,120;
10.8865979381,1.1340206186,120;
14.5154639175,1.1340206186,120;
18.1443298969,1.1340206186,120;
21.7731958763,1.1340206186,120;
w,70.5360824742,0,70.5360824742,31.9793814433;
w,0,7.4845360825,6.1237113402,7.4845360825;
2.2680412371,-1.1340206186,110;
w,8.1649484536,7.4845360825,33.1134020619,7.4845360825;
1.3608247423,-1.1340206186,90;
4.9896907216,-1.1340206186,90;
22,-1.1340206186,90;
24.2680412371,-1.1340206186,90;
w,34.9278350515,7.4845360825,63.0515463918,7.4845360825;
24.2680412371,-1.1340206186,90;
26.3092783505,-1.1340206186,90;
w,65.0927835052,7.4845360825,70.5360824742,7.4845360825;
1.3608247423,-1.1340206186,90;
3.6288659794,-1.1340206186,90;
w,0,13.8350515464,6.1237113402,13.8350515464;
w,0,17.4639175258,6.1237113402,17.4639175258;
w,0,21.0927835052,6.1237113402,21.0927835052;
w,0,24.7216494845,6.1237113402,24.7216494845;
w,0,28.3505154639,6.1237113402,28.3505154639;
w,0,33.793814433,6.1237113402,33.793814433;
w,8.1649484536,13.8350515464,13.6082474227,13.8350515464;
w,8.1649484536,17.4639175258,13.6082474227,17.4639175258;
w,8.1649484536,21.0927835052,13.6082474227,21.0927835052;
w,8.1649484536,24.7216494845,13.6082474227,24.7216494845;
w,8.1649484536,28.3505154639,13.6082474227,28.3505154639;
w,6.1237113402,31.9793814433,13.6082474227,31.9793814433;
w,27.6701030928,13.8350515464,33.1134020619,13.8350515464;
w,27.6701030928,18.5979381443,33.1134020619,18.5979381443;
w,27.6701030928,26.0824742268,33.1134020619,26.0824742268;
w,27.6701030928,33.793814433,33.1134020619,33.793814433;
w,34.9278350515,13.8350515464,40.3711340206,13.8350515464;
w,34.9278350515,17.4639175258,40.3711340206,17.4639175258;
w,34.9278350515,21.0927835052,40.3711340206,21.0927835052;
w,34.9278350515,24.7216494845,40.3711340206,24.7216494845;
w,34.9278350515,28.3505154639,40.3711340206,28.3505154639;
w,33.1134020619,31.9793814433,40.3711340206,31.9793814433;
w,57.1546391753,13.8350515464,63.0515463918,13.8350515464;
w,57.1546391753,23.3608247423,63.0515463918,23.3608247423;
w,57.1546391753,33.793814433,63.0515463918,33.793814433;
w,65.0927835052,13.8350515464,70.5360824742,13.8350515464;
w,65.0927835052,17.4639175258,70.5360824742,17.4639175258;
w,65.0927835052,21.0927835052,70.5360824742,21.0927835052;
w,65.0927835052,24.7216494845,70.5360824742,24.7216494845;
w,65.0927835052,28.3505154639,70.5360824742,28.3505154639;
w,63.0515463918,31.9793814433,70.5360824742,31.9793814433;
d,7.9381443299,9.0721649485,1.587628866,90,90;
d,19.5051546392,5.6701030928,1.587628866,360,90;
d,34.9278350515,9.0721649485,1.587628866,90,90;
d,42.1855670103,4.5360824742,1.587628866,180,90;
d,47.4020618557,5.6701030928,1.587628866,360,90;
d,64.8659793814,9.0721649485,1.587628866,90,90
