1,1.81443299,6.577319588;
2,1.81443299,10.65979381;
3,3.175257732,15.64948454;
4,7.257731959,15.64948454;
5,10.88659794,15.64948454;
6,3.175257732,19.27835052;
7,7.257731959,19.27835052;
8,10.88659794,19.27835052;
9,3.175257732,22.90721649;
10,7.257731959,22.90721649;
11,10.88659794,22.90721649;
12,3.175257732,26.53608247;
13,7.257731959,26.53608247;
14,10.88659794,26.53608247;
15,3.175257732,30.16494845;
16,7.257731959,30.16494845;
17,10.88659794,30.16494845;
18,7.257731959,6.577319588;
19,5.443298969,2.041237113;
20,7.257731959,2.041237113;
21,7.257731959,-8.618556701;
22,10.88659794,-8.618556701;
23,10.88659794,2.041237113;
24,10.88659794,-2.721649485;
25,12.4742268,4.309278351;
26,15.87628866,2.041237113;
27,15.87628866,4.309278351;
28,15.87628866,6.577319588;
29,20.86597938,2.721649485;
30,26.30927835,6.577319588;
31,26.30927835,2.721649485;
32,31.97938144,6.577319588;
33,31.97938144,2.721649485;
34,34.24742268,6.577319588;
35,30.6185567,15.64948454;
36,34.24742268,15.64948454;
37,37.87628866,15.64948454;
38,34.24742268,19.27835052;
39,37.87628866,19.27835052;
40,30.6185567,22.90721649;
41,34.24742268,22.90721649;
42,37.87628866,22.90721649;
43,34.24742268,26.53608247;
44,37.87628866,26.53608247;
45,30.6185567,30.16494845;
46,34.24742268,30.16494845;
47,37.87628866,30.16494845;
48,41.50515464,6.577319588;
49,37.64948454,-16.32989691;
50,41.50515464,-16.32989691;
51,37.64948454,-13.70103093;
52,41.50515464,-13.70103093;
53,37.64948454,-9.072164948;
54,41.50515464,-9.072164948;
55,37.64948454,-5.443298969;
56,41.50515464,-5.443298969;
57,37.64948454,-1.81443299;
58,41.50515464,-1.81443299;
59,45.58762887,6.577319588;
60,45.58762887,2.721649485;
61,49.89690722,6.577319588;
62,49.89690722,2.721649485;
63,54.43298969,6.577319588;
64,54.43298969,2.721649485;
65,58.74226804,6.577319588;
66,58.74226804,2.721649485;
67,63.95876289,6.577319588;
68,63.95876289,2.721649485;
69,60.78350515,15.64948454;
70,63.95876289,15.64948454;
71,66.90721649,15.64948454;
72,63.95876289,19.27835052;
73,66.90721649,19.27835052;
74,63.95876289,22.90721649;
75,66.90721649,22.90721649;
76,60.78350515,26.53608247;
77,63.95876289,26.53608247;
78,66.90721649,26.53608247;
79,63.95876289,30.16494845;
80,66.90721649,30.16494845